image: turtlebot_house.pgm
resolution: 0.050000
origin: [-18.618624, -18.370446, 0.000000]
negate: 0
occupied_thresh: 0.65
free_thresh: 0.196

